Date,Open,High,Low,Close,Volume,Adjustment
12-31-07,1476.33,1476.33,1465.22,1466.71,0,
12-28-07,1482.69,1487.99,1471.74,1477.59,0,
12-27-07,1492.59,1492.78,1475.77,1477.21,0,
12-26-07,1494.23,1498.82,1488.16,1497.34,0,
12-24-07,1484.42,1497.66,1483.81,1497.33,0,
12-21-07,1469.49,1485.41,1469.47,1485.07,0,
12-20-07,1458.45,1462.68,1447.22,1460.57,0,
12-19-07,1454.36,1464.46,1445.41,1452.58,0,
12-18-07,1453.77,1460.05,1435.41,1453.83,0,
12-17-07,1463.05,1464.27,1445.42,1446.21,0,
12-14-07,1481.24,1486.73,1467.67,1467.89,0,
12-13-07,1478.96,1489.44,1469.11,1489.22,0,
12-12-07,1501.19,1513.06,1467.96,1486.95,0,
12-11-07,1517.38,1523.99,1475.99,1477.27,0,
12-10-07,1505.83,1518.23,1504.94,1516.24,0,
12-07-07,1507.03,1510.86,1502.67,1504.16,0,
12-06-07,1483.61,1508.1,1482.09,1507.43,0,
12-05-07,1471.27,1486.12,1471.27,1484.75,0,
12-04-07,1469.01,1470.12,1460.5,1462.78,0,
12-03-07,1478.32,1481.25,1470.05,1472.65,0,
11-30-07,1485.17,1489.53,1470.67,1481.79,0,
11-29-07,1466.8,1473.87,1458.18,1470.15,0,
11-28-07,1441.7,1471.66,1441.59,1469.08,0,
11-27-07,1412.3,1429.63,1407.25,1428.54,0,
11-26-07,1440.44,1446.2,1405.58,1406.04,0,
11-23-07,1423.79,1440.86,1423.79,1439.72,0,
11-21-07,1434.19,1436.42,1415.49,1416.1,0,
11-20-07,1435.24,1452.78,1419.12,1439.37,0,
11-19-07,1453.58,1454.02,1430.12,1434.02,0,
11-16-07,1456.5,1462.27,1443.89,1457.83,0,
11-15-07,1466.48,1472.74,1443.47,1451.07,0,
11-14-07,1491.22,1492.73,1466.36,1469.57,0,
11-13-07,1448.02,1481.36,1448.02,1480.44,0,
11-12-07,1452.78,1464.88,1438.32,1438.7,0,
11-09-07,1461.57,1474.1,1448.33,1452.24,0,
11-08-07,1478.18,1482.56,1450.19,1473.88,0,
11-07-07,1509.8,1510.19,1474.82,1475.04,0,
11-06-07,1507.01,1520.69,1498.97,1520.69,0,
11-05-07,1494.08,1510.98,1489.84,1501.89,0,
11-02-07,1514.86,1515.4,1492.42,1510.88,0,
11-01-07,1536.14,1536.14,1506.6,1508.24,0,
10-31-07,1536.75,1552.85,1529,1548.36,0,
10-30-07,1536.07,1538.05,1529.47,1530.99,0,
10-29-07,1538.81,1544.79,1536.34,1540.65,0,
10-26-07,1528.95,1535.7,1520.15,1535.38,0,
10-25-07,1515.45,1523.33,1500.18,1514.13,0,
10-24-07,1513.79,1517.42,1489.41,1516.01,0,
10-23-07,1514.33,1519.96,1503.61,1519.96,0,
10-22-07,1490.11,1508.29,1487.56,1506.7,0,
10-19-07,1535.94,1535.94,1500.29,1500.3,0,
10-18-07,1536.15,1542.73,1531.83,1539.56,0,
10-17-07,1549.74,1551.26,1526.02,1541.07,0,
10-16-07,1544.85,1546.1,1536.14,1538.92,0,
10-15-07,1562.63,1564.28,1540.68,1549.28,0,
10-12-07,1555.28,1563.12,1554.04,1561.75,0,
10-11-07,1567.14,1576.03,1546.6,1554.52,0,
10-10-07,1562.14,1566.86,1555.46,1561.73,0,
10-09-07,1554.06,1565.2,1551.6,1565.2,0,
10-08-07,1554.8,1555.98,1548.95,1552.73,0,
10-05-07,1547.88,1562.03,1547.77,1556.93,0,
10-04-07,1539.5,1543.99,1537.68,1543.04,0,
10-03-07,1543.09,1545.74,1536.26,1539.54,0,
10-02-07,1546.65,1548.21,1540.25,1546.41,0,
10-01-07,1524.66,1548.95,1524.66,1546.95,0,
09-28-07,1531.51,1533.68,1521.82,1526.72,0,
09-27-07,1529.82,1532.5,1525.68,1531.68,0,
09-26-07,1521.92,1529.39,1518.63,1525.45,0,
09-25-07,1510.92,1518.2,1506.97,1518.12,0,
09-24-07,1527.29,1530.14,1516.01,1517.71,0,
09-21-07,1525.34,1530.94,1524.68,1525.3,0,
09-20-07,1528.44,1529.07,1516.34,1518.41,0,
09-19-07,1524.97,1538.75,1522.83,1528.98,0,
09-18-07,1480.77,1520.01,1479.22,1519.3,0,
09-17-07,1480.86,1481.52,1471.78,1476.55,0,
09-14-07,1478.15,1485.94,1472.71,1484.04,0,
09-13-07,1476.2,1489.67,1476,1483.66,0,
09-12-07,1469.11,1479.57,1465.72,1471.56,0,
09-11-07,1455.97,1472.42,1455.9,1471.77,0,
09-10-07,1457.11,1462.89,1439.24,1451.31,0,
09-07-07,1465.69,1465.83,1448.67,1453.85,0,
09-06-07,1474.61,1481.59,1467.42,1478.46,0,
09-05-07,1483.18,1483.18,1466.31,1471.68,0,
09-04-07,1471.11,1496.34,1470.98,1489.27,0,
08-31-07,1470.3,1481.49,1465.38,1472.07,0,
08-30-07,1457.16,1468.35,1450.45,1457.98,0,
08-29-07,1438.69,1463.75,1436.56,1463.7,0,
08-28-07,1460.71,1461.1,1432,1433.63,0,
08-27-07,1476.09,1476.09,1465.79,1466.92,0,
08-24-07,1461.11,1479.66,1460.42,1479.01,0,
08-23-07,1468.87,1472.92,1453.75,1462.79,0,
08-22-07,1454.27,1465.15,1450.91,1463.74,0,
08-21-07,1444.37,1455.32,1439.05,1447,0,
08-20-07,1447.54,1451.65,1430.5,1445.29,0,
08-17-07,1451.07,1455.53,1421.32,1444.95,0,
08-16-07,1395.26,1416.36,1370.37,1414.89,0,
08-15-07,1423.96,1440.92,1404.34,1406.53,0,
08-14-07,1453.98,1456.53,1426.27,1426.37,0,
08-13-07,1462.69,1467.34,1451.52,1452.92,0,
08-10-07,1440.68,1462.46,1429.71,1453.58,0,
08-09-07,1474.12,1487.32,1455.29,1455.29,0,
08-08-07,1482.64,1504.28,1478.16,1496.94,0,
08-07-07,1462.56,1488.58,1455.94,1476.01,0,
08-06-07,1437.11,1467.18,1427.28,1466.99,0,
08-03-07,1470.64,1473.62,1432.87,1433.15,0,
08-02-07,1466.87,1476.56,1460.52,1471.89,0,
08-01-07,1450.41,1468.45,1439.52,1466.39,0,
07-31-07,1482.18,1488.49,1454.12,1454.12,0,
07-30-07,1463.52,1477.85,1454.13,1473.25,0,
07-27-07,1482.32,1488.56,1459.18,1459.18,0,
07-26-07,1505.83,1507.18,1465.06,1486,0,
07-25-07,1518.85,1524.28,1503.73,1517.97,0,
07-24-07,1534.39,1535.24,1508.53,1512,0,
07-23-07,1538.7,1547.47,1538.12,1540.93,0,
07-20-07,1550.33,1550.83,1529.09,1533.92,0,
07-19-07,1550.97,1555.48,1548.4,1552.76,0,
07-18-07,1542.87,1548.1,1533.71,1546.66,0,
07-17-07,1551.56,1555.22,1547.68,1549.56,0,
07-16-07,1552.76,1555.98,1546.67,1549.62,0,
07-13-07,1547.41,1555.16,1544.85,1552.2,0,
07-12-07,1522.3,1548.03,1522,1548.03,0,
07-11-07,1509.87,1519.29,1506.02,1518.81,0,
07-10-07,1527.88,1528.02,1509.95,1510.07,0,
07-09-07,1532.1,1534.44,1527.39,1531.8,0,
07-06-07,1526.26,1532.41,1520.53,1530.53,0,
07-05-07,1526.15,1526.51,1517.78,1525.55,0,
07-03-07,1520.48,1526.02,1520.38,1524.68,0,
07-02-07,1512.33,1519.38,1509.53,1519.38,0,
06-29-07,1507.87,1517.79,1493.46,1502.36,0,
06-28-07,1506.97,1515.19,1504.34,1505.75,0,
06-27-07,1487.64,1506.84,1483.5,1506.73,0,
06-26-07,1500.63,1506.11,1490.43,1492.87,0,
06-25-07,1503.14,1514.35,1492.63,1498.29,0,
06-22-07,1519.43,1519.9,1500.72,1504.14,0,
06-21-07,1513.58,1522.97,1504.82,1522.2,0,
06-20-07,1536.46,1537.55,1512.52,1512.52,0,
06-19-07,1529.82,1535.8,1526.17,1534.22,0,
06-18-07,1534.69,1535.78,1529.34,1531.14,0,
06-15-07,1529.76,1538.62,1529.64,1533.02,0,
06-14-07,1515.17,1526.66,1514.58,1522.96,0,
06-13-07,1495.63,1515.54,1495.63,1515.44,0,
06-12-07,1505.67,1511.24,1493.22,1493.22,0,
06-11-07,1506.4,1515.57,1503.38,1508.93,0,
06-08-07,1490.28,1507.88,1487.36,1506.95,0,
06-07-07,1514.81,1516.76,1490.59,1490.59,0,
06-06-07,1526.42,1527.7,1514.13,1517.58,0,
06-05-07,1537.19,1537.32,1525.73,1531.42,0,
06-04-07,1535.01,1540.55,1532.54,1539.03,0,
06-01-07,1533.12,1540.54,1532.25,1536.03,0,
05-31-07,1531.14,1535.46,1528.17,1530.48,0,
05-30-07,1512.63,1530.22,1509.83,1530.22,0,
05-29-07,1516.72,1521.82,1512.14,1518.09,0,
05-25-07,1511.08,1517.43,1509.67,1515.66,0,
05-24-07,1521.34,1529.33,1505.34,1508.19,0,
05-23-07,1526.84,1532.55,1521.93,1521.95,0,
05-22-07,1525.43,1529.34,1521.96,1523.96,0,
05-21-07,1523.55,1529.83,1522.97,1524.72,0,
05-18-07,1516,1522.59,1515.39,1522.52,0,
05-17-07,1512.44,1517.09,1508.98,1512.36,0,
05-16-07,1503.92,1514.16,1501.84,1513.93,0,
05-15-07,1502.23,1514.8,1500.48,1501.74,0,
05-14-07,1506.29,1510.87,1498.32,1503.69,0,
05-11-07,1493.5,1506.41,1493.38,1506.4,0,
05-10-07,1509.18,1509.18,1491.45,1491.8,0,
05-09-07,1504.73,1513.89,1503.3,1512.53,0,
05-08-07,1506.45,1508.38,1500.68,1508.03,0,
05-07-07,1505.89,1511.03,1505.89,1509.06,0,
05-04-07,1504.14,1510.46,1501.86,1505.62,0,
05-03-07,1495.99,1503.38,1495.99,1502.35,0,
05-02-07,1487.24,1499.15,1486.42,1496.11,0,
05-01-07,1482.72,1487.29,1476.7,1486.15,0,
04-30-07,1495.58,1497.34,1482.38,1482.38,0,
04-27-07,1493.27,1497.4,1488.71,1494.26,0,
04-26-07,1498.04,1498.04,1491.14,1494.37,0,
04-25-07,1483.59,1496.67,1482.01,1495.17,0,
04-24-07,1483.36,1484.13,1473.83,1480.68,0,
04-23-07,1484.11,1487.44,1480.14,1481.18,0,
04-20-07,1477.76,1485.33,1477.32,1484.67,0,
04-19-07,1468.22,1474.09,1464.38,1470.67,0,
04-18-07,1469.98,1476.6,1466.49,1472.26,0,
04-17-07,1469.39,1474.33,1467.18,1471.3,0,
04-16-07,1456.39,1468.63,1456.39,1468.2,0,
04-13-07,1449.62,1455.04,1444.12,1452.91,0,
04-12-07,1438.79,1447.99,1433.95,1447.66,0,
04-11-07,1448.21,1448.21,1436.15,1438.9,0,
04-10-07,1443.91,1448.78,1443.43,1448.43,0,
04-09-07,1446.1,1448.09,1443.23,1444.52,0,
04-05-07,1438.19,1444.89,1436.51,1443.66,0,
04-04-07,1437.24,1440.25,1435.11,1439.16,0,
04-03-07,1427.27,1440.57,1427.27,1437.51,0,
04-02-07,1421.75,1425.61,1416.18,1424.53,0,
03-30-07,1421.72,1429.14,1408.67,1420.28,0,
03-29-07,1420.7,1426.48,1413.37,1422.43,0,
03-28-07,1425.69,1426.06,1414.11,1416.64,0,
03-27-07,1435.38,1436.4,1425.61,1428.83,0,
03-26-07,1437.03,1437.71,1422.96,1437.48,0,
03-23-07,1434.66,1439.41,1433.19,1436.33,0,
03-22-07,1434.78,1437.64,1429.68,1434.62,0,
03-21-07,1412.14,1437.9,1409.78,1434.71,0,
03-20-07,1401.5,1411.62,1400.27,1410.66,0,
03-19-07,1390.56,1403.19,1390.33,1401.82,0,
03-16-07,1392.21,1397.48,1383.51,1386.68,0,
03-15-07,1386.89,1395.76,1385.18,1392,0,
03-14-07,1378.28,1388.26,1363.71,1387.09,0,
03-13-07,1402.29,1403.54,1377.68,1377.92,0,
03-12-07,1401.09,1409.65,1398.45,1406.64,0,
03-09-07,1405.32,1410.27,1397.49,1402.94,0,
03-08-07,1399.06,1408.03,1397.92,1401.59,0,
03-07-07,1394.62,1401.27,1390.73,1391.8,0,
03-06-07,1383.76,1397.94,1381.82,1394.98,0,
03-05-07,1376.07,1392.06,1374.07,1374.27,0,
03-02-07,1399.69,1403.47,1386.92,1387.01,0,
03-01-07,1393.79,1409.67,1380.88,1403.25,0,
02-28-07,1401.59,1416.13,1396.69,1406.47,0,
02-27-07,1436.99,1438.14,1389.95,1400.7,0,
02-26-07,1454.75,1457.38,1445.52,1449.89,0,
02-23-07,1455.75,1455.92,1448.37,1451.31,0,
02-22-07,1458.14,1461.69,1450.57,1456.31,0,
02-21-07,1456.09,1459.06,1452.13,1457.56,0,
02-20-07,1453.63,1460.56,1449.28,1459.66,0,
02-16-07,1455.11,1455.73,1451.57,1455.48,0,
02-15-07,1455.49,1458.01,1453.22,1457.1,0,
02-14-07,1445.18,1457.68,1445.18,1455.23,0,
02-13-07,1434.39,1444.58,1434.28,1444.35,0,
02-12-07,1436.55,1439.3,1431.46,1433.75,0,
02-09-07,1447.69,1452.4,1433.49,1438.2,0,
02-08-07,1447.37,1450.56,1442.97,1448.5,0,
02-07-07,1449.16,1453.06,1446.54,1450.04,0,
02-06-07,1448.64,1450.2,1443.47,1447.91,0,
02-05-07,1447.36,1449.37,1443.86,1447.06,0,
02-02-07,1446.27,1449.35,1444.5,1448.57,0,
02-01-07,1440.74,1446.75,1439.5,1445.73,0,
01-31-07,1427.18,1441.77,1424.97,1438.85,0,
01-30-07,1421.33,1428.68,1421.33,1428.45,0,
01-29-07,1421.37,1426.98,1418.53,1420.81,0,
01-26-07,1425.61,1427.49,1417.08,1422.71,0,
01-25-07,1440.58,1440.62,1422.33,1424.35,0,
01-24-07,1429.45,1440.05,1429.3,1439.92,0,
01-23-07,1422.79,1431.4,1421.67,1428.15,0,
01-22-07,1432.17,1432.43,1420.49,1423.11,0,
01-19-07,1423.54,1431.72,1423.54,1430.32,0,
01-18-07,1429.93,1433.35,1424.21,1425.81,0,
01-17-07,1429.68,1435.35,1428.59,1430.87,0,
01-16-07,1430.47,1434.01,1428.72,1431.75,0,
01-12-07,1422.37,1431.33,1422.02,1430.81,0,
01-11-07,1413.97,1427.18,1413.97,1423.92,0,
01-10-07,1408.91,1416.04,1404.28,1414.85,0,
01-09-07,1411.34,1415.65,1405.48,1412.21,0,
01-08-07,1411.02,1415.13,1404,1412.87,0,
01-05-07,1414.28,1415.62,1405.74,1409.66,0,
01-04-07,1414.59,1421.96,1408.16,1418.28,0,
01-03-07,1420.02,1429.53,1407.8,1416.72,0,
12-29-06,1422.91,1426.99,1416.58,1417.37,0,
12-28-06,1426.12,1427.32,1422.1,1424.28,0,
12-27-06,1417.55,1427.8,1417.27,1427.69,0,
12-26-06,1411.8,1417.88,1410.78,1417.65,0,
12-22-06,1417.65,1418.86,1410.27,1411.22,0,
12-21-06,1421.07,1426.5,1415.89,1418.63,0,
12-20-06,1425.64,1429.09,1423.52,1423.73,0,
12-19-06,1419.19,1428.39,1414.7,1425.67,0,
12-18-06,1427.63,1431.88,1420.72,1422.56,0,
12-15-06,1428.85,1431.61,1425.55,1427.04,0,
12-14-06,1413.73,1427.32,1413.73,1425.24,0,
12-13-06,1413.51,1416.97,1411.02,1413.54,0,
12-12-06,1411.32,1413.78,1404.69,1411.54,0,
12-11-06,1408.74,1415.69,1408.55,1412.88,0,
12-08-06,1407.79,1414.07,1403.43,1409.48,0,
12-07-06,1413.11,1418.37,1406.79,1407.23,0,
12-06-06,1413.42,1415.85,1411.03,1413.01,0,
12-05-06,1410.9,1415.35,1408.78,1414.78,0,
12-04-06,1393.74,1411.2,1393.74,1408.85,0,
12-01-06,1400.27,1402.55,1386.01,1396.28,0,
11-30-06,1400.58,1406.27,1393.83,1400.82,0,
11-29-06,1388.8,1401.16,1388.8,1399.23,0,
11-28-06,1380.14,1387.92,1377.85,1386.65,0,
11-27-06,1399.4,1400.41,1381.49,1382.26,0,
11-24-06,1401.62,1405.37,1399.27,1401.29,0,
11-22-06,1404.37,1407.93,1402.25,1406.14,0,
11-21-06,1400.7,1403.44,1400.04,1402.82,0,
11-20-06,1399.67,1404.39,1398.46,1400.92,0,
11-17-06,1395.58,1401.02,1394.59,1400.9,0,
11-16-06,1398.57,1403.8,1398.38,1399.67,0,
11-15-06,1394.12,1401.39,1392.51,1396.93,0,
11-14-06,1385.92,1394.44,1379.09,1393.17,0,
11-13-06,1379.45,1387.61,1378.74,1384.63,0,
11-10-06,1379.65,1380.99,1375.59,1380.73,0,
11-09-06,1388.22,1389.01,1377.33,1378.88,0,
11-08-06,1377.46,1388.54,1376.21,1385.78,0,
11-07-06,1381.12,1388.14,1379.21,1382.79,0,
11-06-06,1365.65,1381.45,1365.65,1379.38,0,
11-03-06,1367.62,1371.71,1361.16,1364.5,0,
11-02-06,1365.38,1368.37,1362.18,1366.81,0,
11-01-06,1379.61,1381.86,1366.29,1367.84,0,
10-31-06,1377.59,1381.32,1372.23,1377.3,0,
10-30-06,1374.21,1381.29,1373.42,1377.88,0,
10-27-06,1386.16,1386.49,1375.91,1378.15,0,
10-26-06,1385.77,1389.51,1379.53,1388.89,0,
10-25-06,1375.86,1383.65,1375.63,1382.07,0,
10-24-06,1374.86,1377.83,1372.39,1377.28,0,
10-23-06,1365.69,1377.32,1364,1376.52,0,
10-20-06,1368.66,1369.01,1362.14,1368.32,0,
10-19-06,1365.6,1368.09,1361.93,1366.92,0,
10-18-06,1365.31,1372.85,1360.95,1365.73,0,
10-17-06,1361.08,1366.56,1356.96,1364.4,0,
10-16-06,1365.83,1370.17,1364.3,1369.12,0,
10-13-06,1362.19,1366.62,1360.55,1365.45,0,
10-12-06,1351.84,1363.71,1351.73,1362.79,0,
10-11-06,1349.61,1354,1343.62,1349.81,0,
10-10-06,1351.1,1354.24,1348.57,1353.23,0,
10-09-06,1348.23,1352.77,1346.58,1350.61,0,
10-06-06,1350.16,1350.6,1344.25,1350.1,0,
10-05-06,1349.79,1353.88,1347.77,1352.95,0,
10-04-06,1332.99,1350.09,1331.42,1349.99,0,
10-03-06,1328.7,1338.32,1327.08,1334.32,0,
10-02-06,1333.25,1338.52,1330.32,1331.65,0,
09-29-06,1337.66,1339.85,1335.73,1335.83,0,
09-28-06,1336.55,1340.26,1333.72,1338.83,0,
09-27-06,1336.56,1340.04,1333.61,1336.94,0,
09-26-06,1325.02,1336.58,1325.02,1336.47,0,
09-25-06,1316.05,1329.39,1311.68,1326.92,0,
09-22-06,1316.79,1317.28,1310.97,1314.73,0,
09-21-06,1326.84,1328.17,1315.5,1318.19,0,
09-20-06,1320.63,1328.51,1320.63,1325.35,0,
09-19-06,1320.41,1321.92,1312.2,1318.59,0,
09-18-06,1318.33,1324.88,1316.82,1321.31,0,
09-15-06,1318.52,1324.7,1318.31,1319.6,0,
09-14-06,1315.84,1317.57,1313.28,1316.27,0,
09-13-06,1311.41,1319.86,1311.18,1317.97,0,
09-12-06,1300.15,1314.31,1300.05,1312.74,0,
09-11-06,1295,1302.43,1290.99,1299.61,0,
09-08-06,1294.4,1300.1,1294.19,1298.84,0,
09-07-06,1296.73,1301.24,1292.14,1294.04,0,
09-06-06,1309.13,1309.13,1299.27,1300.17,0,
09-05-06,1310.22,1314.61,1308.83,1313.51,0,
09-01-06,1304.12,1311.99,1304.12,1310.97,0,
08-31-06,1304.66,1306.13,1302.44,1303.7,0,
08-30-06,1304.57,1306.75,1302.24,1304.4,0,
08-29-06,1301.23,1305,1295.31,1304.58,0,
08-28-06,1293.97,1305,1293.45,1302.12,0,
08-25-06,1295.44,1298.81,1292.4,1295.27,0,
08-24-06,1293.8,1297.33,1291.38,1296.02,0,
08-23-06,1298.74,1301.45,1289.48,1292.83,0,
08-22-06,1296.49,1302.48,1294.46,1298.71,0,
08-21-06,1299.23,1299.62,1295.55,1298.13,0,
08-18-06,1299.49,1302.13,1293.59,1301.93,0,
08-17-06,1293.4,1300.76,1292.46,1297.4,0,
08-16-06,1287.38,1296.25,1287.18,1295.15,0,
08-15-06,1274.49,1286.12,1274.49,1285.14,0,
08-14-06,1269.1,1278.9,1267.07,1268.13,0,
08-11-06,1269.91,1269.91,1262.11,1266.64,0,
08-10-06,1256.16,1272.55,1256.16,1271.27,0,
08-09-06,1276.59,1283.67,1264.78,1265.94,0,
08-08-06,1276.4,1282.8,1268.45,1271.59,0,
08-07-06,1278.09,1279.12,1272.99,1276.12,0,
08-04-06,1284.72,1292.62,1273.87,1279.31,0,
08-03-06,1271.66,1283.96,1270.21,1280.15,0,
08-02-06,1274.9,1283.38,1274.9,1278.3,0,
08-01-06,1272.08,1272.59,1265.77,1271.1,0,
07-31-06,1278.14,1278.62,1274.41,1276.56,0,
07-28-06,1263.86,1280.48,1263.86,1278.13,0,
07-27-06,1271.63,1275.79,1262.01,1263.26,0,
07-26-06,1267.03,1273.87,1261.93,1268.8,0,
07-25-06,1260.19,1272.39,1257.19,1269.11,0,
07-24-06,1244.13,1262.54,1243.92,1260.82,0,
07-21-06,1249.17,1250.61,1238.8,1240.54,0,
07-20-06,1262.8,1262.89,1249.21,1249.31,0,
07-19-06,1237.84,1261.77,1237.64,1259.47,0,
07-18-06,1235.63,1239.89,1224.58,1236.68,0,
07-17-06,1234.33,1240.07,1231.41,1234.32,0,
07-14-06,1242.67,1243.13,1228.45,1236.42,0,
07-13-06,1255.07,1256.27,1241.49,1242.33,0,
07-12-06,1270.7,1273.32,1257.37,1258.88,0,
07-11-06,1265.46,1273.63,1259.74,1272.54,0,
07-10-06,1266.63,1274.05,1264.53,1267.49,0,
07-07-06,1272.87,1275.33,1263.1,1265.42,0,
07-06-06,1270.9,1278.3,1270.79,1273.85,0,
07-05-06,1275.99,1276.29,1265.95,1270.91,0,
07-03-06,1272.25,1280.36,1272.25,1280.36,0,
06-30-06,1274.25,1276.08,1270.52,1271.01,0,
06-29-06,1248.97,1272.73,1248.97,1272.73,0,
06-28-06,1240.01,1247.25,1237.61,1246.4,0,
06-27-06,1250.62,1253.39,1239.07,1239.65,0,
06-26-06,1245.36,1250.92,1243.64,1250.73,0,
06-23-06,1246.21,1253.15,1241.54,1245.14,0,
06-22-06,1251.03,1251.73,1241.68,1245.82,0,
06-21-06,1241.55,1257.98,1241.31,1251.88,0,
06-20-06,1240.78,1249.01,1238.9,1240.01,0,
06-19-06,1253.19,1256.04,1237.23,1240.14,0,
06-16-06,1254.99,1256.32,1246.36,1251.44,0,
06-15-06,1233.66,1258.57,1233.66,1255.4,0,
06-14-06,1224.55,1231.43,1219.34,1229.87,0,
06-13-06,1233.37,1243.38,1222.56,1223.28,0,
06-12-06,1252.41,1255.22,1236.29,1236.29,0,
06-09-06,1259.76,1262.63,1250.02,1251.82,0,
06-08-06,1249.96,1259.93,1235.12,1257.79,0,
06-07-06,1262.32,1272.5,1255.82,1255.82,0,
06-06-06,1265.79,1270.4,1254.43,1263.63,0,
06-05-06,1288.38,1288.38,1264.67,1265.57,0,
06-02-06,1289.03,1290.82,1280.21,1288.13,0,
06-01-06,1268.7,1285.53,1268.7,1285.22,0,
05-31-06,1261.28,1270.06,1260.2,1270,0,
05-30-06,1279.15,1279.15,1260.1,1260.1,0,
05-29-06,1280.66,1280.66,1279.65,1279.99,0,
05-26-06,1274.34,1280.53,1272.51,1280.33,0,
05-25-06,1262.38,1273.32,1261.84,1273.32,0,
05-24-06,1255.77,1264.54,1245.37,1258.51,0,
05-23-06,1266.07,1273.61,1256.38,1256.77,0,
05-22-06,1261.4,1268.8,1253.01,1262.03,0,
05-19-06,1261.8,1272.18,1256.23,1266.99,0,
05-18-06,1274.59,1274.78,1261.8,1261.8,0,
05-17-06,1287.61,1288.2,1267.42,1270.27,0,
05-16-06,1295.01,1297.77,1288.48,1291.96,0,
05-15-06,1286.53,1294.82,1284.54,1294.13,0,
05-12-06,1303.3,1304.93,1290.42,1290.94,0,
05-11-06,1322.07,1322.7,1303.5,1305.83,0,
05-10-06,1323.34,1325.46,1317.47,1322.59,0,
05-09-06,1322.77,1326.63,1322.55,1324.92,0,
05-08-06,1323.95,1326.73,1322.89,1324.43,0,
05-05-06,1316.23,1326.52,1316.23,1326.12,0,
05-04-06,1307.45,1315.11,1307.45,1312.22,0,
05-03-06,1310.31,1312.07,1303.9,1308.03,0,
05-02-06,1308.68,1313.73,1307.14,1312.98,0,
05-01-06,1313.09,1317.16,1303.53,1305.26,0,
04-28-06,1306.61,1316.05,1306.22,1310.86,0,
04-27-06,1300.4,1314.97,1295.01,1309.94,0,
04-26-06,1301.96,1310.97,1301.96,1305.55,0,
04-25-06,1309.39,1310.71,1299.19,1302.23,0,
04-24-06,1309.31,1310.43,1303.87,1308.43,0,
04-21-06,1314.61,1317.62,1306.67,1311.07,0,
04-20-06,1311.08,1318.09,1306.39,1311.59,0,
04-19-06,1308.46,1310.38,1302.77,1309.97,0,
04-18-06,1287.72,1309.02,1287.34,1307.31,0,
04-17-06,1290.55,1292.47,1280.76,1285.34,0,
04-14-06,1289.06,1289.06,1289.06,1289.06,0,
04-13-06,1286.55,1292.02,1283.39,1288.85,0,
04-12-06,1286.04,1290.93,1286.04,1288.43,0,
04-11-06,1298.29,1301.23,1282.91,1286.4,0,
04-10-06,1296.93,1300.73,1293.15,1296.34,0,
04-07-06,1309.29,1314.04,1294.27,1295.33,0,
04-06-06,1310.97,1311.97,1302.39,1308.76,0,
04-05-06,1306.38,1312.77,1304.87,1311.39,0,
04-04-06,1299.32,1307.59,1294.65,1305.72,0,
04-03-06,1299.26,1309.12,1296.66,1297.83,0,
03-31-06,1299.93,1302.95,1295.02,1295.34,0,
03-30-06,1304.95,1310.19,1296.78,1300.56,0,
03-29-06,1293.62,1305.62,1293.62,1303.1,0,
03-28-06,1302.23,1306.23,1291.92,1293.41,0,
03-27-06,1302.61,1303.75,1299.14,1301.97,0,
03-24-06,1301.61,1306.52,1298.79,1302.85,0,
03-23-06,1303.88,1304.7,1298.2,1301.91,0,
03-22-06,1295.64,1305.98,1295.1,1304.79,0,
03-21-06,1303.98,1310.88,1295.8,1297.08,0,
03-20-06,1307.87,1310.01,1303.59,1305.25,0,
03-17-06,1306.61,1309.82,1305.34,1307.08,0,
03-16-06,1303.33,1310.34,1303.33,1305.72,0,
03-15-06,1298.84,1304.35,1294.97,1303.34,0,
03-14-06,1283.52,1298.05,1282.8,1297.26,0,
03-13-06,1283.63,1287.33,1281.73,1284.05,0,
03-10-06,1272.66,1284.3,1271.14,1281.75,0,
03-09-06,1279.63,1282.8,1272.41,1272.41,0,
03-08-06,1272.94,1280.37,1268.47,1278.22,0,
03-07-06,1275.38,1277.19,1271.1,1275.63,0,
03-06-06,1286.53,1288.41,1275.63,1278.26,0,
03-03-06,1286.54,1297.35,1284.03,1287.02,0,
03-02-06,1288.76,1290.94,1283.27,1289.54,0,
03-01-06,1282.49,1291.83,1282.23,1291.13,0,
02-28-06,1291.92,1291.92,1278.58,1280.21,0,
02-27-06,1289.41,1297.45,1289.41,1294.24,0,
02-24-06,1288.25,1292.03,1285.57,1289.67,0,
02-23-06,1291.83,1293.77,1285.14,1287.68,0,
02-22-06,1281.25,1294.23,1281.25,1292.55,0,
02-21-06,1288.96,1291.88,1281.21,1282.89,0,
02-17-06,1288.81,1289.49,1284.12,1286.88,0,
02-16-06,1282.03,1289.04,1280.21,1289.04,0,
02-15-06,1274.84,1280.91,1270.98,1279.92,0,
02-14-06,1261.53,1278.13,1260.85,1275.32,0,
02-13-06,1264.26,1266.2,1258.35,1263.02,0,
02-10-06,1264.13,1269.84,1255.02,1266.99,0,
02-09-06,1267,1274.63,1262.82,1263.87,0,
02-08-06,1257.85,1266.41,1254.95,1265.3,0,
02-07-06,1263.34,1265.75,1253.62,1255.04,0,
02-06-06,1265.13,1266.97,1261.56,1265.14,0,
02-03-06,1268.79,1270.73,1260.98,1263.81,0,
02-02-06,1281.33,1281.46,1267.77,1270.73,0,
02-01-06,1278.4,1283.2,1277.51,1282.02,0,
01-31-06,1283.72,1285.02,1276.82,1279.89,0,
01-30-06,1284.5,1287.9,1283.92,1285.39,0,
01-27-06,1277.22,1286.31,1275.59,1283.49,0,
01-26-06,1268.02,1276.47,1267.99,1274.25,0,
01-25-06,1270.38,1271.83,1259.42,1264.8,0,
01-24-06,1264.9,1271.45,1264.68,1266.59,0,
01-23-06,1262.9,1268.18,1261.74,1263.76,0,
01-20-06,1283.52,1284.02,1260.86,1261.25,0,
01-19-06,1281.11,1287.71,1278.57,1284.66,0,
01-18-06,1273.24,1282.43,1272.1,1277.89,0,
01-17-06,1284.35,1284.35,1278.66,1283.06,0,
01-13-06,1284.83,1288.85,1282.79,1287.45,0,
01-12-06,1292.49,1293.41,1285,1286.08,0,
01-11-06,1289.46,1294.87,1288.13,1294.09,0,
01-10-06,1285.11,1289.94,1283.77,1289.53,0,
01-09-06,1284.93,1290.71,1284.85,1289.97,0,
01-06-06,1277.23,1286.02,1275.24,1285.12,0,
01-05-06,1272.25,1276.84,1270.29,1273.33,0,
01-04-06,1267.62,1275.4,1267.62,1273.43,0,
01-03-06,1253.38,1270.09,1245.69,1268.36,0,
